498073340,1
204343844,1
258550118,1
14515822,1
376367793,1
274838752,1
453675183,1
457610818,1
38485549,1
623862402,6
615414756,4
281100273,1
1155234679,1
44204712,1
36716423,1
276932478,1
15555860,6
106840674,6
17866266,2
17866266,12
721596894,2
721596894,12
489412785,4
47548777,3
14957910,3
384997503,3
398249419,3
25401546,1
53468284,1
202570083,4
971144432,1
631039437,1
74013203,1
378302933,1
23666176,5
32126715,4
110963574,4
76356198,6
269378414,2
24258522,6
24951859,6
245712890,6
69940693,2
247294318,6
40110912,2
16272430,6
272214416,6
16893996,6
137629532,6
18722526,2
18722526,12
67074845,6
1180943256,2
1180943256,12
123338610,6
406531435,2
406531435,12
22083689,6
18955282,6
262460910,6
889270016,2
889270016,12
107684758,6
403872110,6
691353,6
153157352,6
18330277,6
75052658,6
8977892,6
578624886,6
550027794,6
23073093,6
78009159,4
106574270,4
196108810,9
465617655,7
383987887,7
383987887,12
60260708,9
565490302,8
953339114,8
20844926,9
96165091,9
1330847282,9
1229541896,9
15823187,9
30831342,9
293774480,9
971209676,7
858999139,10
944647754,4
145748092,4
145748092,18
24830703,9
370738040,5
72552866,11
724473572,11
505267902,11
359759394,12
422483646,12
14465378,10
109711139,10
470021851,12
218027755,13
522620789,12
522620789,18
22972750,12
22972750,18
744350024,10
605955762,10
544799862,13
108316648,14
925340364,14
1326871616,14
1080824954,14
857109115,13
16492765,10
1104736477,15
244001591,15
223638933,15
29740606,15
73583238,15
26663298,15
512571798,11
101522800,11
95013494,11
400656597,11
1324087112,11
44336107,11
128618536,14
117247828,14
246515860,14
20252482,14
396394017,14
259153448,14
1206877860,14
395397289,14
18481269,14
232687912,14
85587561,14
752336071,16
25397529,16
404894487,16
271448207,16
213373515,14
51382112,16
116785566,13
5760232,9
18067164,13
485185324,9
104013903,17
137840213,17
198436070,17
168700461,17
22185452,17
281798145,17
1192027344,17
65768964,18
76730782,18
276293694,18
319211584,18
307942295,19
1231270225,19
1141411800,19
18756512,19
18798403,19
296553364,7
16148010,18
472639671,20
622790441,20
88799148,20
69281041,20
148959607,20
222695674,20
560053201,20
559684634,20
378033992,20
765649495,20
483114580,20
405195523,20
762751836,20
281294311,21
292557686,21
21411397,21
59708301,21
26797961,21
28689287,21
30593431,22
56292951,22
468148913,22
464762477,22
467473177,22
256495314,22
177365756,22
1318027068,22
178938607,23
269161454,23
49850032,23
15450266,23
612291557,23
479634136,23
55928883,23
209856048,23
106940600,23
218293338,23
25900736,23
8546042,23
27285948,23
222367911,23
226540046,23
42086349,23
30342837,23
32442394,23
615284120,22
372502604,24
552181330,24
611984525,24
31135806,24
629084145,24
20336383,24
59875064,24
757733575,24
16194524,24
153816723,24
562442183,24
262287556,24
32162450,24
234485533,24
13551052,24
279183527,24
282672625,24
279020517,24
268260213,24
17990820,24
358783249,24
47395171,24
296162319,24
55345735,24
31077765,24
268602113,24
250453632,25
215768744,25
27829231,25
72532708,25
17701021,25
110749874,25
39567291,25
167900593,25
102242009,25
20343732,25
1143886693,24
